DATA;CORO 1;T_CORO 1;CORO 2;T_CORO 2;ASTRA 1;T_ASTRA 1;ASTRA 2;T_ASTRA 2;SAUDE 1;T_SAUDE 1;SAUDE 2;T_SAUDE 2;EDUC 1;T_EDUC 1;EDUC 2;T_EDUC 2;IDOSO 1;T_IDOSO 1;IDOSO 2;T_IDOSO 2;CORMOB 1;T_CORMOB 1;CORMOB 2;T_CORMOB 2;MOTOR-COBRADORES 1;MOTOR-COBRADORES 1;MOTOR-COBRADORES 2;MOTOR-COBRADORES 2;;;;;;;;;;;
01/abr;0;20482;0;9.732;0;4.220;0;0;0;6.685;0;4.359;0;0;0;0;0;17.844;0;5.422;0;0;0;0;0;0;0;0;;;;;;;;;;;
05/abr;1730;22212;2160;11.892;0;4.220;0;0;1;6.686;8;4.367;0;0;0;0;9;17.853;295;5.717;0;0;0;0;0;0;0;0;;;;;;;;;;;17259
06/abr;0;22212;0;11.892;0;4.220;0;0;2;6.688;11;4.378;0;0;0;0;1666;19.519;1036;6.753;0;0;0;0;0;0;0;0;;;;;;;;;;;17259
07/abr;0;22212;0;11.892;0;4.220;0;0;0;6.688;7;4.385;0;0;0;0;1;19.520;603;7.356;0;0;0;0;0;0;0;0;;;;;;;;;;;17259
08/abr;1760;23972;0;11.892;0;4.220;0;0;0;6.688;0;4.385;0;0;0;0;0;19.520;0;7.356;0;0;0;0;0;0;0;0;;;;;;;;;;;17264
09/abr;0;23972;3820;15.712;0;4.220;0;0;0;6.688;0;4.385;0;0;0;0;0;19.520;0;7.356;0;0;0;0;0;0;0;0;;;;;;;;;;;
12/abr;0;23972;0;15.712;0;4.220;0;0;0;6.688;62;4.447;0;0;0;0;23;19.543;3296;10.652;0;0;0;0;0;0;0;0;;;;;;;;;;;
13/abr;0;23972;0;15.712;0;4.220;0;0;0;6.688;0;4.447;1106;1.106;0;0;0;19.543;110;10.762;0;0;0;0;0;0;0;0;;;;;;;;;;;
14/abr;0;23972;0;15.712;0;4.220;0;0;0;6.688;0;4.447;325;1.431;0;0;2;19.545;0;10.762;0;0;0;0;0;0;0;0;;;;;;;;;;;
15/abr;0;23972;4780;20.492;1940;6.160;0;0;0;6.688;0;4.447;0;1.431;0;0;1606;21.151;0;10.762;0;0;0;0;0;0;0;0;;;;;;;;;;;
16/abr;0;23972;0;20.492;0;6.160;0;0;0;6.688;13;4.460;0;1.431;0;0;22;21.173;1595;12.357;0;0;0;0;0;0;0;0;;;;;;;;;;;
19/abr;0;23972;0;20.492;0;6.160;0;0;0;6.688;9;4.469;0;1.431;0;0;18;21.191;1665;14.022;0;0;0;0;0;0;0;0;;;;;;;;;;;
20/abr;0;23972;0;20.492;4230;10.390;2300;2.300;0;6.688;2;4.471;0;1.431;0;0;0;21.191;898;14.920;0;0;0;0;0;0;0;0;;;;;;;;;;;
22/abr;2210;26182;0;20.492;0;10.390;0;2.300;251;6.939;640;5.111;0;1.431;0;0;0;21.191;0;14.920;0;0;0;0;0;0;0;0;;;;;;;;;;;
23/abr;0;26182;0;20.492;0;10.390;0;2.300;0;6.939;307;5.418;0;1.431;0;0;1826;23.017;0;14.920;0;0;0;0;0;0;0;0;;;;;;;;;;;
26/abr;0;26182;0;20.492;0;10.390;0;2.300;0;6.939;68;5.486;0;1.431;0;0;1920;24.937;478;15.398;0;0;0;0;0;0;0;0;;;;;;;;;;;
27/abr;0;26182;0;20.492;0;10.390;0;2.300;0;6.939;43;5.529;0;1.431;0;0;1783;26.720;42;15.440;0;0;0;0;0;0;0;0;;;;;;;;;;;
28/abr;0;26182;1730;22.222;2300;12.690;0;2.300;0;6.939;71;5.600;0;1.431;0;0;1;26.721;0;15.440;0;0;0;0;0;0;0;0;;;;;;;;;;;
29/abr;0;26182;0;22.222;0;12.690;0;2.300;0;6.939;64;5.664;0;1.431;0;0;2065;28.786;21;15.461;0;0;0;0;0;0;0;0;;;;;;;;;;;
30/abr;0;26182;0;22.222;0;12.690;0;2.300;0;6.939;76;5.740;0;1.431;0;0;45;28.831;1586;17.047;0;0;0;0;0;0;0;0;;;;;;;;;;;
03/mai;0;26182;0;22.222;0;12.690;0;2.300;1;6.940;73;5.813;0;1.431;0;0;165;28.996;212;17.259;0;0;0;0;0;0;0;0;;;;;;;;;;;
04/mai;0;26182;0;22.222;7755;20.445;0;2.300;0;6.940;15;5.828;0;1.431;0;0;0;28.996;0;17.259;0;0;0;0;0;0;0;0;;;;;;;;;;;
05/mai;0;26182;1320;23.542;0;20.445;0;2.300;0;6.940;26;5.854;0;1.431;0;0;2102;31.098;0;17.259;0;0;0;0;0;0;0;0;;;;;;;;;;;
06/mai;0;26182;0;23.542;0;20.445;0;2.300;0;6.940;42;5.896;0;1.431;0;0;2188;33.286;5;17.264;0;0;0;0;0;0;0;0;;;;;;;;;;;
07/mai;0;26182;0;23.542;0;20.445;0;2.300;0;6.940;15;5.911;0;1.431;0;0;2291;35.577;0;17.264;0;0;0;0;0;0;0;0;;;;;;;;;;;
10/mai;0;26182;440;23.982;5444;25.889;0;2.300;186;7.126;13;5.924;3;1.434;0;0;5;35.582;39;17.303;0;0;0;0;0;0;0;0;;;;;;;;;;;
11/mai;0;26182;0;23.982;0;25.889;0;2.300;3;7.129;6;5.930;0;1.434;1409;1.409;111;35.693;0;17.303;203;203;0;0;0;0;0;0;;;;;;;;;;;
12/mai;0;26182;0;23.982;0;25.889;0;2.300;0;7.129;6;5.936;0;1.434;4;1.413;96;35.789;21;17.324;106;309;0;0;0;0;0;0;;;;;;;;;;;
13/mai;0;26182;0;23.982;0;25.889;0;2.300;0;7.129;13;5.949;0;1.434;1;1.414;146;35.935;22;17.346;1082;1.391;0;0;0;0;0;0;;;;;;;;;;;
14/mai;0;26182;0;23.982;0;25.889;1920;4.220;0;7.129;7;5.956;0;1.434;0;1.414;86;36.021;27;17.373;1428;2.819;0;0;0;0;0;0;;;;;;;;;;;
17/mai;0;26182;2210;26.192;4560;30.449;0;4.220;2;7.131;21;5.977;0;1.434;1;1.415;218;36.239;23;17.396;3992;6.811;0;0;0;0;0;0;;;;;;;;;;;
19/mai;0;26182;0;26.192;130;30.579;0;4.220;10;7.141;524;6.501;1;1.435;0;1.415;57;36.296;20;17.416;499;7.310;0;0;0;0;0;0;;;;;;;;;;;
20/mai;0;26182;0;26.192;0;30.579;0;4.220;24;7.165;3;6.504;0;1.435;3;1.418;0;36.296;947;18.363;31;7.341;0;0;0;0;0;0;;;;;;;;;;;
21/mai;0;26182;0;26.192;0;30.579;0;4.220;25;7.190;2;6.506;1;1.436;0;1.418;5;36.301;1;18.364;33;7.374;0;0;0;0;0;0;;;;;;;;;;;
24/mai;560;26742;3210;29.402;3765;34.344;0;4.220;10;7.200;157;6.663;0;1.436;3;1.421;168;36.469;136;18.500;3289;10.663;0;0;319;319;0;0;;;;;;;;;;;
25/mai;0;26742;0;29.402;0;34.344;0;4.220;0;7.200;63;6.726;0;1.436;0;1.421;3;36.472;255;18.755;52;10.715;0;0;319;319;0;0;;;;;;;;;;;
26/mai;0;26742;0;29.402;0;34.344;0;4.220;6;7.206;53;6.779;0;1.436;0;1.421;7;36.479;405;19.160;105;10.820;0;0;319;319;0;0;;;;;;;;;;;
27/mai;0;26742;0;29.402;0;34.344;0;4.220;0;7.206;1;6.780;0;1.436;0;1.421;7;36.486;7;19.167;24;10.844;0;0;319;319;0;0;;;;;;;;;;;
28/mai;0;26742;0;29.402;3845;38.189;0;4.220;252;7.458;0;6.780;0;1.436;1;1.422;0;36.486;3;19.170;4;10.848;1;1;375;375;0;0;;;;;;;;;;;
31/mai;0;26742;0;29.402;0;38.189;0;4.220;175;7.633;17;6.797;1;1.437;0;1.422;103;36.589;349;19.519;3156;14.004;0;1;404;404;0;0;;;;;;;;;;;
01/jun;0;26742;0;29.402;0;38.189;0;4.220;12;7.645;22;6.819;0;1.437;6;1.428;52;36.641;190;19.709;380;14.384;0;1;404;404;0;0;;;;;;;;;;;
02/jun;0;26742;0;29.402;5705;43.894;0;4.220;16;7.661;11;6.830;115;1.552;3;1.431;17;36.658;201;19.910;118;14.502;0;1;404;404;0;0;;;;;;;;;;;
04/jun;0;26742;0;29.402;0;43.894;0;4.220;4;7.665;11;6.841;0;1.552;1;1.432;29;36.687;202;20.112;1475;15.977;1;2;404;404;0;0;;;;;;;;;;;
;;;;;;;;;;;;;;;;;;;;;;;;;;;;;;;;;;;;;;;
